.Random.seed <-
c(10403L, 10L, -1800052773L, 1644270137L, 478811016L, -1554476234L, 
648868209L, -1207235677L, 1328904946L, -1011148220L, -1282046713L, 
-1679688483L, -1315259948L, -1231807238L, 1369924677L, 1230427295L, 
-268716506L, -328650064L, -1728413869L, -2059171215L, -1876199520L, 
1286364990L, -1540282807L, -524795141L, -1528069430L, 1632199724L, 
1321737263L, -24677147L, -832127588L, -109887502L, -2058560915L, 
1734811559L, -1751883314L, -1020491992L, 2140982571L, -48054455L, 
-1313692584L, -467214074L, 556145889L, 1325079667L, 1772603618L, 
2089324628L, -279186089L, -1740085939L, -1997612828L, -610032438L, 
-1909438155L, 182165391L, 1658043542L, -1361644480L, -1471838973L, 
-578303711L, -754580976L, 161352174L, -1557766759L, -1302140373L, 
-1722467558L, -1773788708L, -1472628769L, -270815307L, -385230516L, 
573280162L, 1386653437L, 460384247L, 889536798L, -1225028648L, 
1928482107L, -1155626279L, 1773643368L, -782370922L, 1403339537L, 
1756056771L, 1270981842L, 159420772L, -152320857L, 2080803325L, 
1264247796L, -1360970534L, 70757925L, 619143999L, 739913926L, 
-563147440L, 1027192179L, 1565581201L, -1645104704L, -983616610L, 
-1051513495L, 1530590619L, 394025130L, 1747846860L, 1470850959L, 
1061053381L, 140756860L, -161318958L, -930638003L, -1207220729L, 
1806128622L, 1623220424L, 1705226187L, -444347863L, 1538521208L, 
1893889446L, -1051361343L, -575216557L, 22825730L, 63589940L, 
147770295L, 548625325L, 246960324L, 983819498L, -249140395L, 
1557372143L, 1995223798L, 1054670368L, 1142834147L, -345945983L, 
1751176944L, 1965897102L, 1378777849L, -29411189L, -1256177478L, 
-1418718276L, -663615233L, -1303733163L, -2047907988L, -876013630L, 
-180445155L, 123461783L, 594910718L, -1455755848L, -2004803173L, 
-1123899399L, -1797017784L, 1802173046L, 2054894513L, 594783715L, 
-251858254L, 836767492L, -1499417529L, -658717923L, -596993644L, 
1657756986L, -909196923L, 2073924191L, -306596634L, -383318160L, 
1934035091L, -792918735L, 1372427232L, -1266089858L, 1319557897L, 
-2021180101L, 651645194L, -1454636820L, -1429066385L, 242774693L, 
-411415460L, -1260008398L, 1164036909L, 1434702311L, 689204494L, 
-1901706520L, 1978207467L, -308198007L, 2049611032L, 437065798L, 
-944881503L, 1620690739L, 447108770L, -1598003820L, 326691863L, 
-742589427L, 116545828L, 1824273674L, 899847285L, -2119663665L, 
-1961811754L, 1579950208L, -84894013L, 857040993L, -304064304L, 
1019417134L, -1960283175L, -1560216597L, -755492262L, 294743068L, 
-2094925537L, -2060752523L, 521070604L, 585855458L, 370854589L, 
-1495825097L, -249599522L, -1796591848L, -478714245L, 1631478809L, 
2085754024L, 773566038L, -1809003823L, -1027003773L, 101179666L, 
-1088699228L, -271182745L, -716366403L, -1452351692L, -1714586470L, 
539837157L, 553008255L, 1936422406L, 1756381584L, -1872331725L, 
652022737L, -1699063424L, 1053029470L, -1257036887L, 1609595483L, 
248782442L, 2122507020L, -1684748977L, 446873093L, -894253892L, 
1422210450L, 490761869L, -1706171193L, 1109033390L, -1687442424L, 
1513086987L, 517559529L, 8385464L, 1880281376L, 731942786L, -943657240L, 
-644683540L, -1477607876L, -763374734L, -782698896L, -1882944476L, 
968064824L, -1688330086L, 478934736L, -1136683844L, -1054705004L, 
252660354L, 907743424L, -178453188L, 215767184L, -2041283038L, 
751442440L, 1431352588L, 749175452L, -702720494L, 80322944L, 
1701126676L, -889340376L, -1473060550L, 713710544L, -945721748L, 
1382681396L, 1895395986L, 738391392L, -1480395444L, -944712736L, 
-395817054L, 613666728L, -1661759604L, -264361284L, 1550437234L, 
-1691533072L, 276823108L, 150805848L, -1128771526L, 1835971440L, 
-744074180L, 2110556948L, 1213078978L, -796963616L, -1532029060L, 
103560912L, -1788585310L, 1244886056L, 1390903564L, 1325857724L, 
-1017285326L, 1245849536L, -1252481484L, 1164991432L, -1517120326L, 
1605527440L, 976251372L, -1795591084L, 1879095954L, -1223681248L, 
-801144372L, -1570116640L, -1007298878L, -1795279320L, -432845140L, 
-1226721604L, 111649266L, -413173456L, 1941932196L, 1567959736L, 
1073524570L, -1682162288L, -794260100L, -1919831788L, 1311186242L, 
-1273224448L, -462066756L, -1585749168L, 932910370L, 769026376L, 
-1899672564L, 2057243740L, 2139534546L, -181595136L, 1031317332L, 
-1869624856L, 2057444346L, -104002864L, -918117076L, 331283700L, 
-1652808814L, -990507936L, 552212748L, -1084396832L, -1009937054L, 
-1000384856L, 1218457164L, 1608889212L, -1797652686L, -706141584L, 
1023988036L, -760993832L, 832238714L, -1684645328L, 369176252L, 
618053460L, 2016742978L, -1155055712L, 920468668L, -1611648560L, 
-419573406L, -2056083480L, 1646721996L, -1760997636L, -23477262L, 
400389248L, -349142796L, 251797640L, -55455430L, 326988624L, 
-170917780L, 1003478164L, 1776575826L, -728550688L, -449368884L, 
180575392L, -2009244286L, 1401277672L, 2039917804L, -1201493956L, 
339135602L, 1138769008L, 185463332L, 1009145400L, -1116335590L, 
1685034192L, 183658044L, 1087103124L, 1720593538L, 2096040896L, 
-482545348L, -797069680L, -1398864862L, -1432424440L, -1259309940L, 
-695565284L, -1123225454L, -1227774848L, -704357356L, 1165596456L, 
1556727866L, 119109840L, -1044285332L, -1014870348L, 1675062290L, 
-1117105184L, -1778408500L, -1267883552L, -835885022L, -1608555224L, 
793096460L, 464822844L, 813857010L, -1927758608L, -2048043196L, 
-907666344L, -761956806L, -880439056L, 821638844L, -2071981548L, 
-2063827774L, 425888352L, 1383670140L, 1355828432L, 339568674L, 
396784808L, 474767756L, 1564479932L, -1359590350L, 1714460480L, 
1917358772L, 1544437064L, -1507797318L, -286047472L, 949541100L, 
-128947116L, -678130926L, 10022304L, -1609500724L, 952742752L, 
901815490L, -554581464L, 214498732L, 2136181564L, -256434318L, 
-760201424L, -688421852L, 656966200L, -572733734L, 271680400L, 
-1876207364L, -122707564L, 893739842L, -237659648L, 942187580L, 
984312400L, 1135051938L, 1476261704L, 456801804L, 1317322460L, 
1669578834L, -721698688L, 199465812L, 673031144L, 586670842L, 
480845648L, 1861533740L, -579686028L, -1059351918L, -1077534112L, 
-1900608372L, -1646070432L, 230492386L, -446562136L, 1163560842L, 
-547997825L, -2059916599L, 1204937566L, -864397300L, 1885169629L, 
-703122713L, 985606928L, 838853166L, 608139483L, 280372669L, 
563933994L, -1879974968L, -1778247439L, 1174328931L, 753721956L, 
1505239442L, 734056039L, 558157361L, -66595978L, 1575831700L, 
1077663397L, 873673647L, -154148760L, -1133108154L, 1848250867L, 
433106261L, 709424946L, 578902784L, -968613911L, 1653252699L, 
404528300L, -1679596870L, 1358981231L, 142910969L, 1821114510L, 
-223884964L, -859004467L, -176028361L, -2015643712L, 207188126L, 
448009579L, 26340589L, 358182234L, 1228783128L, -928793727L, 
-1521827533L, 474935124L, 1331120482L, 293577207L, 82276929L, 
-1586870586L, 67569668L, 1207781301L, 447051935L, 70132984L, 
1121766614L, 56995171L, 489613605L, -1167413566L, -1142178896L, 
-1618278439L, -1423511221L, 91953084L, -1077374998L, 178714655L, 
-1969742167L, 258343486L, -880685268L, -1705854595L, -224188473L, 
-1604931920L, 1600961742L, -144480773L, -642236835L, 1553287562L, 
-347336280L, -1770983663L, -970338813L, 575088900L, -1819165390L, 
-11359353L, 2115582417L, 1668920150L, 292419892L, -1679636411L, 
-135606129L, -2014134776L, -1420877274L, -219225389L, -324389835L, 
1888349074L, 1015143264L, 912107209L, -53863941L, -751598132L, 
-343931814L, 946747727L, -735074279L, -139235794L, 1068717116L, 
994320813L, -278252969L, -1226011744L, -881053442L, -1429261365L, 
-1061034547L, -720893702L, 1515346744L, -716318495L, -1567237229L, 
-1579163724L, -2018597694L, 1502882007L, -209840863L, -618261274L, 
-1535082012L, 879131925L, 1092269375L, 380889304L, 2046212342L, 
597943043L, 1840936005L, 185142370L, 1033079760L, -1354202887L, 
-1863259605L, 318666140L, 963677642L, 188677823L, 759570441L, 
-1034747618L, -1651800884L, -758165347L, 2087675175L, -726681776L, 
1194179054L, 938233499L, 728301821L, -502454294L, 1259921544L, 
-795730383L, 2090301603L, 193408164L, -956363438L, 2033731751L, 
